experiment:_Bos_taurus_9913_-_Cellular_component:_cols-genes_10__rows-features_207__vals-annotazioni_7658_threshold=0.45_HUs=25
(gene oid, feature oid)
(4164544, 200816),
(4164544, 217533),
(4152285, 200816),
(4152285, 216593),
(4152285, 216597),
(4152285, 217533),
(4152356, 216592),
(4152356, 216593),
(4152356, 216595),
(4152356, 216597),
(4152356, 217533),
(4153141, 200713),
(4153141, 200816),
(4153141, 216592),
(4153141, 216593),
(4153141, 216595),
(4153141, 216597),
(4153141, 217513),
(4153141, 217533),
(4164047, 216592),
(4164047, 216593),
(4164047, 216595),
(4164047, 216597),
(4164047, 217533),
(4152638, 200713),
(4152638, 200816),
(4152638, 216592),
(4152638, 216593),
(4152638, 216595),
(4152638, 216597),
(4152638, 217513),
(4152638, 217533),
(4155155, 216592),
(4155155, 216593),
(4155155, 216595),
(4155155, 216597),
(4161587, 200713),
(4161587, 200816),
(4161587, 216592),
(4161587, 216593),
(4161587, 216595),
(4161587, 216597),
(4161587, 217513),
(4161587, 217533),
(4165646, 200713),
(4165646, 200816),
(4165646, 216592),
(4165646, 216593),
(4165646, 216595),
(4165646, 216597),
(4165646, 217511),
(4165646, 217513),
(4165646, 217533),
(4152267, 200713),
(4152267, 200816),
(4152267, 216592),
(4152267, 216593),
(4152267, 216595),
(4152267, 216597),
(4152267, 217513),
(4152267, 217533),
(4166845, 200816),
(4166845, 217533),
(4152792, 216592),
(4152792, 216593),
(4152792, 216595),
(4152792, 216597),
(4153126, 200816),
(4153126, 216592),
(4153126, 216593),
(4153126, 216595),
(4153126, 216597),
(4153126, 217513),
(4153126, 217533),
(4151839, 200816),
(4151839, 216593),
(4151839, 216597),
(4151839, 217533),
(4155621, 216593),
(4155621, 216597),
(4155272, 216592),
(4155272, 216593),
(4155272, 216595),
(4155272, 216597),
(4155272, 217533),
(4152543, 200713),
(4152543, 200714),
(4152543, 200816),
(4152543, 216592),
(4152543, 216593),
(4152543, 216595),
(4152543, 216597),
(4152543, 217511),
(4152543, 217513),
(4152543, 217533),
(4152543, 217552),
(4152905, 200713),
(4152905, 200816),
(4152905, 216592),
(4152905, 216593),
(4152905, 216595),
(4152905, 216597),
(4152905, 217513),
(4152905, 217533),
(4159331, 200713),
(4159331, 200816),
(4159331, 216592),
(4159331, 216593),
(4159331, 216595),
(4159331, 216597),
(4159331, 217513),
(4159331, 217533),
(4172512, 216592),
(4172512, 216593),
(4172512, 216595),
(4172512, 216597),
(4172512, 217533),
(4160267, 200816),
(4160267, 217533),
(4152544, 200816),
(4152544, 217533),
(4151935, 200713),
(4151935, 200816),
(4151935, 216592),
(4151935, 216593),
(4151935, 216595),
(4151935, 216597),
(4151935, 217513),
(4151935, 217533),
(4162370, 200816),
(4162370, 217533),
(4166253, 200713),
(4166253, 200816),
(4166253, 216592),
(4166253, 216593),
(4166253, 216595),
(4166253, 216597),
(4166253, 217513),
(4166253, 217533),
(4152139, 200713),
(4152139, 200714),
(4152139, 200816),
(4152139, 216592),
(4152139, 216593),
(4152139, 216595),
(4152139, 216597),
(4152139, 217513),
(4152139, 217533),
(4152139, 217552),
(4161006, 200816),
(4161006, 217533),
(4156100, 216593),
(4156100, 216597),
(4159996, 200713),
(4159996, 200816),
(4159996, 216592),
(4159996, 216593),
(4159996, 216595),
(4159996, 216597),
(4159996, 217513),
(4159996, 217533),
(4151663, 200713),
(4151663, 200714),
(4151663, 200816),
(4151663, 216592),
(4151663, 216593),
(4151663, 216595),
(4151663, 216597),
(4151663, 217511),
(4151663, 217513),
(4151663, 217533),
(4151663, 217552),
(4161037, 216593),
(4161037, 216597),
(4156603, 200713),
(4156603, 200816),
(4156603, 216592),
(4156603, 216593),
(4156603, 216595),
(4156603, 216597),
(4156603, 217513),
(4156603, 217533),
(4157151, 216592),
(4157151, 216593),
(4157151, 216595),
(4157151, 216597),
(4157151, 217533),
(4152951, 216592),
(4152951, 216593),
(4152951, 216595),
(4152951, 216597),
(4152951, 217533),
(4153087, 200816),
(4153087, 217533),
(4153282, 216592),
(4153282, 216593),
(4153282, 216595),
(4153282, 216597),
(4165087, 216592),
(4165087, 216593),
(4165087, 216595),
(4165087, 216597),
(4165087, 217533),
(4152499, 216593),
(4152499, 216597),
(4169625, 200713),
(4169625, 200816),
(4169625, 216592),
(4169625, 216593),
(4169625, 216595),
(4169625, 216597),
(4169625, 217513),
(4169625, 217533),
(4151659, 200713),
(4151659, 200714),
(4151659, 200816),
(4151659, 216592),
(4151659, 216593),
(4151659, 216595),
(4151659, 216597),
(4151659, 217513),
(4151659, 217533),
(4151659, 217552),
(4159005, 217533),
(4154078, 217533),
(4155662, 216592),
(4155662, 216593),
(4155662, 216595),
(4155662, 216597),
(4155662, 217533),
(4156436, 200816),
(4156436, 217533),
(4166992, 217533),
(4169411, 200816),
(4169411, 217533),
(4152257, 216592),
(4152257, 216593),
(4152257, 216595),
(4152257, 216597),
(4152257, 217533),
(4151811, 200713),
(4151811, 200816),
(4151811, 216592),
(4151811, 216593),
(4151811, 216595),
(4151811, 216597),
(4151811, 217513),
(4151811, 217533),
(4155314, 200816),
(4155314, 217533),
(4157230, 217533),
(4175931, 200816),
(4175931, 217533),
(4160372, 200816),
(4160372, 217533),
(4153051, 200713),
(4153051, 200816),
(4153051, 216592),
(4153051, 216593),
(4153051, 216595),
(4153051, 216597),
(4153051, 217513),
(4153051, 217533),
(4152427, 216592),
(4152427, 216593),
(4152427, 216595),
(4152427, 216597),
(4167851, 200816),
(4167851, 216593),
(4167851, 216597),
(4167851, 217533),
(4151635, 200713),
(4151635, 200816),
(4151635, 216592),
(4151635, 216593),
(4151635, 216595),
(4151635, 216597),
(4151635, 217513),
(4151635, 217533),
(4167072, 200816),
(4167072, 217533),
(4162146, 200816),
(4162146, 217533),
(4152805, 216592),
(4152805, 216593),
(4152805, 216595),
(4152805, 216597),
(4152805, 217533),
(4153097, 200816),
(4153097, 217533),
(4165878, 200816),
(4165878, 217533),
(4155759, 216592),
(4155759, 216593),
(4155759, 216595),
(4155759, 216597),
(4152222, 216593),
(4152222, 216597),
(4169846, 200816),
(4169846, 217533),
(4152848, 200816),
(4152848, 217533),
(4152510, 200816),
(4152510, 217533),
(4155898, 217533),
(4153102, 200816),
(4153102, 217533),
(4162822, 200816),
(4162822, 217533),
(4154859, 200816),
(4154859, 217533),
(4153475, 217533),
(4153547, 200816),
(4153547, 216592),
(4153547, 216593),
(4153547, 216595),
(4153547, 216597),
(4153547, 217533),
(4161095, 217533),
(4151581, 200713),
(4151581, 200714),
(4151581, 200816),
(4151581, 216592),
(4151581, 216593),
(4151581, 216595),
(4151581, 216597),
(4151581, 217511),
(4151581, 217513),
(4151581, 217533),
(4151581, 217552),
(4153030, 200816),
(4153030, 216593),
(4153030, 216597),
(4153030, 217533),
(4152042, 216593),
(4152042, 216597),
(4154009, 200816),
(4154009, 217533),
(4153868, 216592),
(4153868, 216593),
(4153868, 216595),
(4153868, 216597),
(4153868, 217533),
(4153109, 200816),
(4153109, 217533),
(4152309, 200713),
(4152309, 200816),
(4152309, 216592),
(4152309, 216593),
(4152309, 216595),
(4152309, 216597),
(4152309, 217511),
(4152309, 217513),
(4152309, 217533),
(4156597, 200713),
(4156597, 200816),
(4156597, 216592),
(4156597, 216593),
(4156597, 216595),
(4156597, 216597),
(4156597, 217513),
(4156597, 217533),
(4152878, 200713),
(4152878, 200816),
(4152878, 216592),
(4152878, 216593),
(4152878, 216595),
(4152878, 216597),
(4152878, 217513),
(4152878, 217533),
(4165506, 216592),
(4165506, 216593),
(4165506, 216595),
(4165506, 216597),
(4157453, 216593),
(4157453, 216597),
(4164002, 200816),
(4164002, 217533),
(4163630, 216592),
(4163630, 216593),
(4163630, 216595),
(4163630, 216597),
(4153371, 200713),
(4153371, 200816),
(4153371, 216592),
(4153371, 216593),
(4153371, 216595),
(4153371, 216597),
(4153371, 217513),
(4153371, 217533),
(4157048, 216592),
(4157048, 216593),
(4157048, 216595),
(4157048, 216597),
(4157048, 217533),
(4159649, 200713),
(4159649, 200816),
(4159649, 216592),
(4159649, 216593),
(4159649, 216595),
(4159649, 216597),
(4159649, 217513),
(4159649, 217533),
(4152110, 200713),
(4152110, 200816),
(4152110, 216592),
(4152110, 216593),
(4152110, 216595),
(4152110, 216597),
(4152110, 217513),
(4152110, 217533),
(4152991, 200713),
(4152991, 200714),
(4152991, 200816),
(4152991, 216592),
(4152991, 216593),
(4152991, 216595),
(4152991, 216597),
(4152991, 217513),
(4152991, 217533),
(4152991, 217552),
(4154888, 217533),
(4154210, 200816),
(4154210, 217533),
(4163599, 200816),
(4163599, 217533),
(4156713, 200816),
(4156713, 217533),
(4161060, 200816),
(4161060, 217533),
(4153033, 200713),
(4153033, 200816),
(4153033, 216592),
(4153033, 216593),
(4153033, 216595),
(4153033, 216597),
(4153033, 217513),
(4153033, 217533),
(4153477, 200816),
(4153477, 216592),
(4153477, 216593),
(4153477, 216595),
(4153477, 216597),
(4153477, 217513),
(4153477, 217533),
(4151830, 200816),
(4151830, 217533),
(4167000, 200816),
(4167000, 217533),
(4152949, 216592),
(4152949, 216593),
(4152949, 216595),
(4152949, 216597),
(4155825, 200713),
(4155825, 200714),
(4155825, 200816),
(4155825, 216592),
(4155825, 216593),
(4155825, 216595),
(4155825, 216597),
(4155825, 217513),
(4155825, 217533),
(4155825, 217552),
(4152251, 200816),
(4152251, 216592),
(4152251, 216593),
(4152251, 216595),
(4152251, 216597),
(4152251, 217513),
(4152251, 217533),
(4159436, 200816),
(4159436, 217533),
(4152998, 217533),
(4151881, 200713),
(4151881, 200816),
(4151881, 216592),
(4151881, 216593),
(4151881, 216595),
(4151881, 216597),
(4151881, 217513),
(4151881, 217533),
(4152412, 200816),
(4152412, 217533),
(4158717, 216592),
(4158717, 216593),
(4158717, 216595),
(4158717, 216597),
(4156945, 216592),
(4156945, 216593),
(4156945, 216595),
(4156945, 216597),
(4153832, 200713),
(4153832, 200816),
(4153832, 216592),
(4153832, 216593),
(4153832, 216595),
(4153832, 216597),
(4153832, 217513),
(4153832, 217533),
(4155711, 200816),
(4155711, 217533),
(4153073, 216592),
(4153073, 216593),
(4153073, 216595),
(4153073, 216597),
(4153073, 217533),
(4160128, 200816),
(4160128, 217533),
(4152807, 200816),
(4152807, 217533),
(4165681, 200816),
(4165681, 217533),
(4153388, 200816),
(4153388, 217533),
(4159099, 216592),
(4159099, 216593),
(4159099, 216595),
(4159099, 216597),
(4165552, 216592),
(4165552, 216593),
(4165552, 216595),
(4165552, 216597),
(4153225, 216592),
(4153225, 216593),
(4153225, 216595),
(4153225, 216597),
(4155940, 217533),
(4152234, 200713),
(4152234, 200714),
(4152234, 200816),
(4152234, 216592),
(4152234, 216593),
(4152234, 216595),
(4152234, 216597),
(4152234, 217513),
(4152234, 217533),
(4152234, 217552),
(4152660, 216592),
(4152660, 216593),
(4152660, 216595),
(4152660, 216597),
(4165699, 200816),
(4165699, 217533),
(4156019, 200816),
(4156019, 217533),
(4154658, 200816),
(4154658, 217533),
(4165464, 200816),
(4165464, 217533),
(4156206, 216593),
(4156206, 216597),
(4153771, 200713),
(4153771, 200816),
(4153771, 216592),
(4153771, 216593),
(4153771, 216595),
(4153771, 216597),
(4153771, 217513),
(4153771, 217533),
(4166953, 200816),
(4166953, 217533),
(4157191, 200816),
(4157191, 217533),
(4152855, 200816),
(4152855, 216593),
(4152855, 216597),
(4152855, 217533),
(4167740, 200816),
(4167740, 217533),
(4151766, 200816),
(4151766, 217533),
(4151878, 216592),
(4151878, 216593),
(4151878, 216595),
(4151878, 216597),
(4151878, 217533),
(4155009, 200816),
(4155009, 217533),
(4163686, 200816),
(4163686, 217533),
(4152140, 216592),
(4152140, 216593),
(4152140, 216595),
(4152140, 216597),
(4152057, 200816),
(4152057, 217533),
(4151893, 216592),
(4151893, 216593),
(4151893, 216595),
(4151893, 216597),
(4151893, 217533),
(4161598, 216592),
(4161598, 216593),
(4161598, 216595),
(4161598, 216597),
(4161598, 217533),
(4163399, 217533),
(4167807, 217533),
(4152833, 200713),
(4152833, 200816),
(4152833, 216592),
(4152833, 216593),
(4152833, 216595),
(4152833, 216597),
(4152833, 217513),
(4152833, 217533),
(4152618, 200713),
(4152618, 200714),
(4152618, 200816),
(4152618, 216592),
(4152618, 216593),
(4152618, 216595),
(4152618, 216597),
(4152618, 217513),
(4152618, 217533),
(4152618, 217552),
(4159505, 200713),
(4159505, 200816),
(4159505, 216592),
(4159505, 216593),
(4159505, 216595),
(4159505, 216597),
(4159505, 217513),
(4159505, 217533),
(4167478, 216593),
(4167478, 216597),
(4157751, 200713),
(4157751, 200816),
(4157751, 216592),
(4157751, 216593),
(4157751, 216595),
(4157751, 216597),
(4157751, 217513),
(4157751, 217533),
(4161063, 216592),
(4161063, 216593),
(4161063, 216595),
(4161063, 216597),
(4152036, 200816),
(4152036, 216593),
(4152036, 216597),
(4152036, 217533),
(4152007, 200713),
(4152007, 200816),
(4152007, 216592),
(4152007, 216593),
(4152007, 216595),
(4152007, 216597),
(4152007, 217513),
(4152007, 217533),
(4152694, 200713),
(4152694, 200816),
(4152694, 216592),
(4152694, 216593),
(4152694, 216595),
(4152694, 216597),
(4152694, 217513),
(4152694, 217533),
(4153200, 216593),
(4153200, 216597),
(4153200, 217533),
(4151723, 217533),
(4153385, 200713),
(4153385, 200816),
(4153385, 216592),
(4153385, 216593),
(4153385, 216595),
(4153385, 216597),
(4153385, 217513),
(4153385, 217533),
(4164052, 200816),
(4164052, 217533),
(4152566, 217533),
(4158766, 216595),
(4158766, 216597),
(4156241, 200713),
(4156241, 200816),
(4156241, 216592),
(4156241, 216593),
(4156241, 216595),
(4156241, 216597),
(4156241, 217513),
(4156241, 217533),
(4157438, 200713),
(4157438, 200816),
(4157438, 216592),
(4157438, 216593),
(4157438, 216595),
(4157438, 216597),
(4157438, 217513),
(4157438, 217533),
(4151636, 200816),
(4151636, 217533),
(4151781, 200713),
(4151781, 200816),
(4151781, 216592),
(4151781, 216593),
(4151781, 216595),
(4151781, 216597),
(4151781, 217513),
(4151781, 217533),
(4152326, 216592),
(4152326, 216593),
(4152326, 216595),
(4152326, 216597),
(4152326, 217533),
(4152271, 200816),
(4152271, 216593),
(4152271, 216597),
(4152271, 217533),
(4159171, 216592),
(4159171, 216593),
(4159171, 216595),
(4159171, 216597),
(4161411, 200713),
(4161411, 200816),
(4161411, 216595),
(4161411, 216597),
(4161411, 217513),
(4161411, 217533),
(4159312, 216592),
(4159312, 216593),
(4159312, 216595),
(4159312, 216597),
(4159312, 217533),
(4166794, 200816),
(4166794, 216597),
(4166794, 217533),
(4154453, 216592),
(4154453, 216593),
(4154453, 216595),
(4154453, 216597),
(4152165, 200713),
(4152165, 200816),
(4152165, 216592),
(4152165, 216593),
(4152165, 216595),
(4152165, 216597),
(4152165, 217513),
(4152165, 217533),
(4157552, 217533),
(4156938, 217533),
(4153151, 200816),
(4153151, 217533),
(4152841, 200713),
(4152841, 200816),
(4152841, 216592),
(4152841, 216593),
(4152841, 216595),
(4152841, 216597),
(4152841, 217513),
(4152841, 217533),
(4152124, 216593),
(4152124, 216597),
(4166817, 200816),
(4166817, 217533),
(4157758, 200816),
(4157758, 217533),
(4151962, 216592),
(4151962, 216593),
(4151962, 216595),
(4151962, 216597),
(4151962, 217533),
(4168103, 200816),
(4168103, 216593),
(4168103, 216597),
(4168103, 217533),
(4152835, 200713),
(4152835, 200816),
(4152835, 216592),
(4152835, 216593),
(4152835, 216595),
(4152835, 216597),
(4152835, 217513),
(4152835, 217533),
(4155484, 200816),
(4155484, 216592),
(4155484, 216593),
(4155484, 216595),
(4155484, 216597),
(4155484, 217533),
(4153023, 216592),
(4153023, 216593),
(4153023, 216595),
(4153023, 216597),
(4152693, 200713),
(4152693, 200816),
(4152693, 216592),
(4152693, 216593),
(4152693, 216595),
(4152693, 216597),
(4152693, 217513),
(4152693, 217533),
(4152545, 200816),
(4152545, 217533),
(4167325, 216592),
(4167325, 216593),
(4167325, 216595),
(4167325, 216597),
(4158143, 217533),
(4158458, 217533),
(4152568, 200816),
(4152568, 217533),
(4167777, 216592),
(4167777, 216593),
(4167777, 216595),
(4167777, 216597),
(4151951, 200713),
(4151951, 200714),
(4151951, 200816),
(4151951, 216592),
(4151951, 216593),
(4151951, 216595),
(4151951, 216597),
(4151951, 217513),
(4151951, 217533),
(4151951, 217552),
(4160735, 216592),
(4160735, 216593),
(4160735, 216595),
(4160735, 216597),
(4162369, 216592),
(4162369, 216593),
(4162369, 216595),
(4162369, 216597),
(4162369, 217533),
(4155226, 200816),
(4155226, 217533),
(4154802, 200816),
(4154802, 217533),
(4155674, 216592),
(4155674, 216593),
(4155674, 216595),
(4155674, 216597),
(4152235, 200713),
(4152235, 200714),
(4152235, 200816),
(4152235, 216592),
(4152235, 216593),
(4152235, 216595),
(4152235, 216597),
(4152235, 217513),
(4152235, 217533),
(4152235, 217552),
(4152850, 217533),
(4157179, 200816),
(4157179, 217533),
(4162991, 216593),
(4162991, 216597),
(4153257, 216593),
(4153257, 216597),
(4151937, 200713),
(4151937, 200816),
(4151937, 216592),
(4151937, 216593),
(4151937, 216595),
(4151937, 216597),
(4151937, 217513),
(4151937, 217533),
(4153042, 216593),
(4153042, 216597),
(4167257, 200816),
(4167257, 217533),
(4156309, 200816),
(4156309, 217533),
(4153850, 200713),
(4153850, 200714),
(4153850, 200816),
(4153850, 216592),
(4153850, 216593),
(4153850, 216595),
(4153850, 216597),
(4153850, 217513),
(4153850, 217533),
(4153850, 217552),
(4151909, 200713),
(4151909, 200714),
(4151909, 200816),
(4151909, 216592),
(4151909, 216593),
(4151909, 216595),
(4151909, 216597),
(4151909, 217513),
(4151909, 217533),
(4151909, 217552),
(4154828, 200713),
(4154828, 200714),
(4154828, 200816),
(4154828, 216592),
(4154828, 216593),
(4154828, 216595),
(4154828, 216597),
(4154828, 217511),
(4154828, 217513),
(4154828, 217533),
(4154828, 217552),
(4160776, 216592),
(4160776, 216593),
(4160776, 216595),
(4160776, 216597),
(4165275, 200816),
(4165275, 217533),
(4152118, 216592),
(4152118, 216593),
(4152118, 216595),
(4152118, 216597),
(4152118, 217533),
(4153157, 216592),
(4153157, 216593),
(4153157, 216595),
(4153157, 216597),
(4159145, 216592),
(4159145, 216593),
(4159145, 216595),
(4159145, 216597),
(4153772, 216593),
(4153772, 216597),
(4167868, 200713),
(4167868, 200816),
(4167868, 216592),
(4167868, 216593),
(4167868, 216595),
(4167868, 216597),
(4167868, 217513),
(4167868, 217533),
(4159010, 216592),
(4159010, 216593),
(4159010, 216595),
(4159010, 216597),
(4157003, 216592),
(4157003, 216593),
(4157003, 216595),
(4157003, 216597),
(4157003, 217533),
(4165124, 216592),
(4165124, 216593),
(4165124, 216595),
(4165124, 216597),
(4153443, 216593),
(4153443, 216597),
(4153662, 216592),
(4153662, 216593),
(4153662, 216595),
(4153662, 216597),
(4169684, 200816),
(4169684, 216592),
(4169684, 216593),
(4169684, 216595),
(4169684, 216597),
(4169684, 217533),
(4158184, 217533),
(4151658, 200713),
(4151658, 200714),
(4151658, 200816),
(4151658, 216592),
(4151658, 216593),
(4151658, 216595),
(4151658, 216597),
(4151658, 217513),
(4151658, 217533),
(4151658, 217552),
(4169894, 200713),
(4169894, 200816),
(4169894, 216592),
(4169894, 216593),
(4169894, 216595),
(4169894, 216597),
(4169894, 217513),
(4169894, 217533),
(4157121, 200816),
(4157121, 217533),
(4151680, 200713),
(4151680, 200714),
(4151680, 200816),
(4151680, 216592),
(4151680, 216593),
(4151680, 216595),
(4151680, 216597),
(4151680, 217511),
(4151680, 217513),
(4151680, 217533),
(4151680, 217552),
(4156572, 200816),
(4156572, 216593),
(4156572, 216597),
(4156572, 217533),
(4151900, 200713),
(4151900, 200816),
(4151900, 216592),
(4151900, 216593),
(4151900, 216595),
(4151900, 216597),
(4151900, 217513),
(4151900, 217533),
(4158163, 216593),
(4158163, 216597),
(4151750, 216593),
(4151750, 216597),
(4151750, 217533),
(4152335, 217533),
(4151670, 200713),
(4151670, 200714),
(4151670, 200816),
(4151670, 216592),
(4151670, 216593),
(4151670, 216595),
(4151670, 216597),
(4151670, 217513),
(4151670, 217533),
(4151670, 217552),
(4163396, 216592),
(4163396, 216593),
(4163396, 216595),
(4163396, 216597),
(4152237, 200816),
(4152237, 217533),
(4151944, 200713),
(4151944, 200816),
(4151944, 216592),
(4151944, 216593),
(4151944, 216595),
(4151944, 216597),
(4151944, 217513),
(4151944, 217533),
(4175953, 216592),
(4175953, 216593),
(4175953, 216595),
(4175953, 216597),
(4175953, 217533),
(4163934, 216592),
(4163934, 216593),
(4163934, 216595),
(4163934, 216597),
(4158678, 216592),
(4158678, 216593),
(4158678, 216595),
(4158678, 216597),
(4158678, 217533),
(4153740, 216595),
(4153740, 216597),
(4153740, 217533),
(4160127, 200713),
(4160127, 200816),
(4160127, 216592),
(4160127, 216593),
(4160127, 216595),
(4160127, 216597),
(4160127, 217513),
(4160127, 217533),
(4152382, 200816),
(4152382, 217533),
(4167275, 200713),
(4167275, 200816),
(4167275, 216592),
(4167275, 216593),
(4167275, 216595),
(4167275, 216597),
(4167275, 217513),
(4167275, 217533),
(4158834, 216592),
(4158834, 216593),
(4158834, 216595),
(4158834, 216597),
(4158834, 217533),
(4153941, 200713),
(4153941, 200714),
(4153941, 200816),
(4153941, 216592),
(4153941, 216593),
(4153941, 216595),
(4153941, 216597),
(4153941, 217513),
(4153941, 217533),
(4153941, 217552),
(4152851, 217533),
(4165216, 216593),
(4165216, 216597),
(4162835, 216593),
(4162835, 216597),
(4152501, 200816),
(4152501, 217533),
(4157137, 200816),
(4157137, 217533),
(4158489, 216592),
(4158489, 216593),
(4158489, 216595),
(4158489, 216597),
(4152209, 216593),
(4152209, 216597),
(4153460, 217533),
(4156417, 200816),
(4156417, 217533),
(4152480, 200816),
(4152480, 217533),
(4153069, 200713),
(4153069, 200714),
(4153069, 200816),
(4153069, 216592),
(4153069, 216593),
(4153069, 216595),
(4153069, 216597),
(4153069, 217513),
(4153069, 217533),
(4153069, 217552),
(4165350, 200713),
(4165350, 200816),
(4165350, 216592),
(4165350, 216593),
(4165350, 216595),
(4165350, 216597),
(4165350, 217513),
(4165350, 217533),
(4153110, 216593),
(4153110, 216597),
(4152178, 200816),
(4152178, 216593),
(4152178, 216597),
(4152178, 217533),
(4158781, 216593),
(4158781, 216597),
(4152698, 200713),
(4152698, 200816),
(4152698, 216592),
(4152698, 216593),
(4152698, 216595),
(4152698, 216597),
(4152698, 217513),
(4152698, 217533),
(4168923, 200816),
(4168923, 217533),
(4153047, 216592),
(4153047, 216593),
(4153047, 216595),
(4153047, 216597),
(4153047, 217533),
(4153821, 216592),
(4153821, 216593),
(4153821, 216595),
(4153821, 216597),
(4153821, 217533),
(4152456, 200713),
(4152456, 200714),
(4152456, 200816),
(4152456, 216592),
(4152456, 216593),
(4152456, 216595),
(4152456, 216597),
(4152456, 217513),
(4152456, 217533),
(4152456, 217552),
(4153014, 200816),
(4153014, 216592),
(4153014, 216593),
(4153014, 216595),
(4153014, 216597),
(4153014, 217513),
(4153014, 217533),
(4160208, 200816),
(4160208, 217533),
(4153426, 216592),
(4153426, 216593),
(4153426, 216595),
(4153426, 216597),
(4153426, 217533),
(4154941, 200816),
(4154941, 217533),
(4152152, 200816),
(4152152, 216593),
(4152152, 216597),
(4152152, 217533),
(4153533, 217533),
(4153004, 200713),
(4153004, 200816),
(4153004, 216592),
(4153004, 216593),
(4153004, 216595),
(4153004, 216597),
(4153004, 217513),
(4153004, 217533),
(4155672, 200816),
(4155672, 217533),
(4163784, 216592),
(4163784, 216593),
(4163784, 216595),
(4163784, 216597),
(4163784, 217533),
(4153770, 200713),
(4153770, 200816),
(4153770, 216592),
(4153770, 216593),
(4153770, 216595),
(4153770, 216597),
(4153770, 217513),
(4153770, 217533),
(4159295, 216593),
(4159295, 216597),
(4151761, 216592),
(4151761, 216593),
(4151761, 216595),
(4151761, 216597),
(4165585, 200816),
(4165585, 217533),
(4152372, 200816),
(4152372, 217533),
(4162577, 200816),
(4162577, 216592),
(4162577, 216593),
(4162577, 216595),
(4162577, 216597),
(4162577, 217533),
(4152779, 217533),
(4152393, 200816),
(4152393, 216593),
(4152393, 216597),
(4152393, 217533),
(4151931, 216592),
(4151931, 216593),
(4151931, 216595),
(4151931, 216597),
(4151931, 217533),
(4152789, 216592),
(4152789, 216593),
(4152789, 216595),
(4152789, 216597),
(4153348, 200713),
(4153348, 200816),
(4153348, 216592),
(4153348, 216593),
(4153348, 216595),
(4153348, 216597),
(4153348, 217513),
(4153348, 217533),
(4160312, 200816),
(4160312, 216592),
(4160312, 216593),
(4160312, 216595),
(4160312, 216597),
(4160312, 217533),
(4154885, 216593),
(4154885, 216597),
(4164851, 200816),
(4164851, 217533),
(4152072, 200713),
(4152072, 200714),
(4152072, 200816),
(4152072, 216592),
(4152072, 216593),
(4152072, 216595),
(4152072, 216597),
(4152072, 217511),
(4152072, 217513),
(4152072, 217533),
(4152072, 217552),
(4161459, 216592),
(4161459, 216593),
(4161459, 216595),
(4161459, 216597),
(4153038, 200816),
(4153038, 216593),
(4153038, 216597),
(4153038, 217533),
(4156138, 217533),
(4153193, 216592),
(4153193, 216593),
(4153193, 216595),
(4153193, 216597),
(4153193, 217533),
(4169624, 200713),
(4169624, 200816),
(4169624, 216592),
(4169624, 216593),
(4169624, 216595),
(4169624, 216597),
(4169624, 217513),
(4169624, 217533),
(4153010, 216592),
(4153010, 216593),
(4153010, 216595),
(4153010, 216597),
(4153010, 217533),
(4175377, 216592),
(4175377, 216593),
(4175377, 216595),
(4175377, 216597),
(4151601, 216592),
(4151601, 216593),
(4151601, 216595),
(4151601, 216597),
(4151601, 217533),
(4166384, 216592),
(4166384, 216593),
(4166384, 216595),
(4166384, 216597),
(4166384, 217533),
(4159047, 200816),
(4159047, 217533),
(4169341, 216593),
(4169341, 216597),
(4168518, 217533),
(4151805, 217533),
(4158282, 200713),
(4158282, 200816),
(4158282, 216592),
(4158282, 216593),
(4158282, 216595),
(4158282, 216597),
(4158282, 217513),
(4158282, 217533),
(4152207, 200713),
(4152207, 200714),
(4152207, 200816),
(4152207, 216592),
(4152207, 216593),
(4152207, 216595),
(4152207, 216597),
(4152207, 217513),
(4152207, 217533),
(4152207, 217552),
(4151967, 216592),
(4151967, 216593),
(4151967, 216595),
(4151967, 216597),
(4152394, 200816),
(4152394, 216593),
(4152394, 216597),
(4152394, 217533),
(4152325, 216592),
(4152325, 216593),
(4152325, 216595),
(4152325, 216597),
(4152325, 217533),
(4152284, 200816),
(4152284, 217533),
(4153112, 200713),
(4153112, 200714),
(4153112, 200816),
(4153112, 216592),
(4153112, 216593),
(4153112, 216595),
(4153112, 216597),
(4153112, 217511),
(4153112, 217513),
(4153112, 217533),
(4153112, 217552),
(4153822, 216592),
(4153822, 216593),
(4153822, 216595),
(4153822, 216597),
(4151637, 217533),
(4163668, 216592),
(4163668, 216593),
(4163668, 216595),
(4163668, 216597),
(4152899, 216592),
(4152899, 216593),
(4152899, 216595),
(4152899, 216597),
(4152595, 216593),
(4152595, 216597),
(4169565, 200816),
(4169565, 216593),
(4169565, 216597),
(4169565, 217533),
(4172228, 217533),
(4151612, 216592),
(4151612, 216593),
(4151612, 216595),
(4151612, 216597),
(4155561, 200816),
(4155561, 216593),
(4155561, 216597),
(4155561, 217533),
(4153317, 200816),
(4153317, 216592),
(4153317, 216593),
(4153317, 216595),
(4153317, 216597),
(4153317, 217533),
